  1  1 555 982  1 982 351 555 679  34  -1 17 
  2  1 593 638  2 982 357 593 762  22  46 10 
  2  2 639 672  2 982 357 593 762  46  46 10 
  2  3 673 892  2 982 357 593 762  46  -1 10 
  3  1 688 699  2 982 473 688 870  41  41 11 
  3  2 700 729  2 982 473 688 870  41  44 11 
  3  3 730 741  2 982 473 688 870  44  44 11 
  3  4 742 816  2 982 473 688 870  44  44 11 
  3  5 817 828  2 982 473 688 870  44  -1 11 
  4  1 872 926  2 982 604 872 872  55  -1 13 
  5  1 583 650  1 982 377 583 701  44  44 11 
  5  2 651 787  1 982 377 583 701  44  44 11 
  5  3 788 982  1 982 377 583 701  44  -1 11 
  6  1 691 716  1 982 492 691 781  29  47 11 
  6  2 728 753  1 982 492 691 781  47  47 11 
  6  3 771 846  1 982 492 691 781  47  56 11 
  6  4 859 982  1 982 492 691 781  56  -1 11 
  7  1 652 704  2 982 476 652 748  21  22  9 
  7  2 705 729  2 982 476 652 748  22  22  9 
  7  3 730 735  2 982 476 652 748  22  32  9 
  7  4 736 750  2 982 476 652 748  32  -1  9 
  8  1 838 843  1 982 609 838 881  44  38 11 
  8  2 844 891  1 982 609 838 881  38  27 11 
  8  3 892 982  1 982 609 838 881  27  -1 11 
  9  1 591 601  1 982 377 591 690  41  41 12 
  9  2 602 633  1 982 377 591 690  41  41 12 
  9  3 634 642  1 982 377 591 690  41  41 12 
  9  4 643 982  1 982 377 591 690  41  -1 12 
 10  1 580 700  1 982 382 580 824  33  41 11 
 10  2 701 842  1 982 382 580 824  41  55 11 
 10  3 862 982  1 982 382 580 824  55  -1 11 
 11  1 605 631  1 982 361 605 668  44  44 12 
 11  2 632 693  1 982 361 605 668  44  44 12 
 11  3 694 982  1 982 361 605 668  44  -1 12 
 12  1 653 806  1 982 473 653 813  40  40  9 
 12  2 807 883  1 982 473 653 813  40  18  9 
 12  3 884 911  1 982 473 653 813  18  42  9 
 12  4 912 982  1 982 473 653 813  42  -1  9 
 13  1 832 870  2 982 601 832 858  41  44 12 
 13  2 871 972  2 982 601 832 858  44  -1 12 
 14  1 652 687  2 982 471 652 738  32  32  9 
 14  2 688 774  2 982 471 652 738  32  -1  9 
 15  1 820 831  1 982 603 820 865  44  28 11 
 15  2 832 843  1 982 603 820 865  28  38 11 
 15  3 844 867  1 982 603 820 865  38  31 11 
 15  4 868 891  1 982 603 820 865  31  44 11 
 15  5 892 982  1 982 603 820 865  44  -1 11 
 16  1 831 847  2 982 595 831 834  49  49 11 
 16  2 879 893  2 982 595 831 834  49  30 11 
 16  3 970 982  2 982 595 831 834  30  -1 11 
 17  1 595 630  2 982 361 595 621  46  46 11 
 17  2 631 665  2 982 361 595 621  46  46 11 
 17  3 666 706  2 982 361 595 621  46  46 11 
 17  4 712 830  2 982 361 595 621  46  48 11 
 17  5 831 900  2 982 361 595 621  48  46 11 
 17  6 891 918  2 982 361 595 621  46  46 11 
 17  7 919 962  2 982 361 595 621  46  46 11 
 17  8 970 982  2 982 361 595 621  46  -1 11 
 18  1 532 568  2 982 364 532 609  22  22  9 
 18  2 569 608  2 982 364 532 609  22  -1  9 
 19  1 724 789  1 982 501 724 743  34  40 11 
 19  2 826 982  1 982 501 724 743  40  -1 11 
 20  1 862 885  1 982 616 862 874  45  -1 19 
 21  1 689 696  1 982 484 689 758  31  31 11 
 21  2 697 704  1 982 484 689 758  31  31 11 
 21  3 705 982  1 982 484 689 758  31  -1 11 
 22  1 709 723  1 982 482 709 811  39  39 11 
 22  2 742 982  1 982 482 709 811  39  -1 11 
 23  1 855 857  1 982 607 855 882  31  31 13 
 23  2 858 912  1 982 607 855 882  31  47 13 
 23  3 913 941  1 982 607 855 882  47  47 13 
 23  4 942 982  1 982 607 855 882  47  -1 13 
 24  1 700 711  2 982 490 700 712  32  20 13 
 24  2 726 750  2 982 490 700 712  20  18 13 
 24  3 751 781  2 982 490 700 712  18  20 13 
 24  4 938 948  2 982 490 700 712  20  -1 13 
 25  1 545 582  2 982 380 545 719  26  26 11 
 25  2 595 648  2 982 380 545 719  26  22 11 
 25  3 649 697  2 982 380 545 719  22  22 11 
 25  4 698 719  2 982 380 545 719  22  18 11 
 25  5 721 770  2 982 380 545 719  18  -1 11 
 26  1 831 843  1 982 497 831 905  51  51 13 
 26  2 844 982  1 982 497 831 905  51  -1 13 
 27  1 670 702  2 982 490 670 734  26  32  9 
 27  2 703 712  2 982 490 670 734  32  26  9 
 27  3 713 772  2 982 490 670 734  26  26  9 
 27  4 773 781  2 982 490 670 734  26  26  9 
 27  5 971 977  2 982 490 670 734  26  26  9 
 27  6 978 982  2 982 490 670 734  26  -1  9 
 28  1 652 667  1 982 377 652 724  32  52 12 
 28  2 668 701  1 982 377 652 724  52  52 12 
 28  3 702 709  1 982 377 652 724  52  38 12 
 28  4 710 855  1 982 377 652 724  38  38 12 
 28  5 856 982  1 982 377 652 724  38  -1 12 
 29  1 619 672  1 982 366 619 666  46  46 11 
 29  2 673 982  1 982 366 619 666  46  -1 11 
 30  1 533 676  2 982 364 533 677  40  -1  9 
 31  1 811 880  2 982 607 811 894  32  40 11 
 31  2 881 917  2 982 607 811 894  40  32 11 
 31  3 962 974  2 982 607 811 894  32  32 11 
 31  4 975 982  2 982 607 811 894  32  -1 11 
 32  1 607 638  2 982 376 607 918  40  40 11 
 32  2 726 846  2 982 376 607 918  40  25 11 
 32  3 847 870  2 982 376 607 918  25  40 11 
 32  4 871 906  2 982 376 607 918  40  32 11 
 32  5 907 954  2 982 376 607 918  32  40 11 
 32  6 955 982  2 982 376 607 918  40  -1 11 
 33  1 698 826  1 982 471 698 727  40  40 11 
 33  2 827 976  1 982 471 698 727  40  40 11 
 33  3 981 982  1 982 471 698 727  40  -1 11 
 34  1 832 855  1 982 617 832 932  34  38 17 
 34  2 856 879  1 982 617 832 932  38  70 17 
 34  3 921 982  1 982 617 832 932  70  -1 17 
 35  1 700 727  1 982 494 700 810  39  31  9 
 35  2 728 762  1 982 494 700 810  31  30  9 
 35  3 763 982  1 982 494 700 810  30  -1  9 
 36  1 795 982  2 982 600 795 819  41  -1 10 
 37  1 699 740  1 982 368 699 774  41  65 19 
 37  2 770 910  1 982 368 699 774  65  62 19 
 37  3 911 982  1 982 368 699 774  62  -1 19 
 38  1 562 575  2 982 365 562 582  41  41 10 
 38  2 576 982  2 982 365 562 582  41  -1 10 
 39  1 706 726  1 982 481 706 786  55  56 11 
 39  2 727 780  1 982 481 706 786  56  56 11 
 39  3 781 982  1 982 481 706 786  56  -1 11 
 40  1 752 763  2 982 495 752 777  44  44 13 
 40  2 764 771  2 982 495 752 777  44  44 13 
 40  3 772 777  2 982 495 752 777  44  41 13 
 40  4 832 885  2 982 495 752 777  41  44 13 
 40  5 956 982  2 982 495 752 777  44  -1 13 
 41  1 586 702  2 982 366 586 669  20  22  9 
 41  2 703 912  2 982 366 586 669  22  -1  9 
 42  1 628 659  1 982 373 628 658  50  50 13 
 42  2 660 786  1 982 373 628 658  50  55 13 
 42  3 787 982  1 982 373 628 658  55  -1 13 
 44  1 802 805  1 982 592 802 889  34  34 11 
 44  2 806 825  1 982 592 802 889  34  34 11 
 44  3 826 831  1 982 592 802 889  34  34 11 
 44  4 832 837  1 982 592 802 889  34  42 11 
 44  5 856 861  1 982 592 802 889  42  42 11 
 44  6 862 973  1 982 592 802 889  42  42 11 
 44  7 974 982  1 982 592 802 889  42  -1 11 
 45  1 896 913  2 982 624 896   0  57  57 19 
 45  2 914 982  2 982 624 896   0  57  -1 19 
 46  1 874 909  1 982 616 874 956  45  56 19 
 46  2 958 982  1 982 616 874 956  56  -1 19 
 47  1 588 657  1 982 356 588 652  39  55 12 
 47  2 682 857  1 982 356 588 652  55  55 12 
 47  3 858 916  1 982 356 588 652  55  55 12 
 47  4 917 982  1 982 356 588 652  55  -1 12 
 48  1 796 818  2 982 591 796 809  32  -1 11 
 49  1 975 982  1 982 597 975 955  64  -1 19 
 51  1 695 982  1 982 478 695 804  34  -1 11 
 52  1 568 595  2 982 356 568 595  32  -1 11 
 53  1 520 531  2 982 354 520 615  20  32  9 
 53  2 557 604  2 982 354 520 615  32  -1  9 
 54  1 712 758  2 982 477 712 758  32  -1 11 
 55  1 820 852  2 982 609 820 866  32  32 11 
 55  2 853 865  2 982 609 820 866  32  41 11 
 55  3 866 982  2 982 609 820 866  41  -1 11 
 56  1 712 751  1 982 502 712 878  41  41 11 
 56  2 752 893  1 982 502 712 878  41  53 11 
 56  3 894 943  1 982 502 712 878  53  53 11 
 56  4 944 982  1 982 502 712 878  53  -1 11 
 57  1 801 839  2 982 595 801 872  41  41 10 
 57  2 841 886  2 982 595 801 872  41  -1 10 
 58  1 700 724  1 982 496 700 841  31  31 11 
 58  2 725 740  1 982 496 700 841  31  31 11 
 58  3 760 820  1 982 496 700 841  31  57 11 
 58  4 821 941  1 982 496 700 841  57  57 11 
 58  5 942 951  1 982 496 700 841  57  57 11 
 58  6 952 982  1 982 496 700 841  57  -1 11 
 59  1 808 861  1 982 604 808 886  31  31 11 
 59  2 868 972  1 982 604 808 886  31  31 11 
 59  3 973 982  1 982 604 808 886  31  -1 11 
 60  1 764 804  2 982 496 764 805  46  -1 12 
 61  1 547 606  2 982 376 547 611  22  32  9 
 61  2 799 870  2 982 376 547 611  32  21  9 
 61  3 871 982  2 982 376 547 611  21  -1  9 
 62  1 616 982  1 982 371 616 644  25  -1 11 
 63  1 665 680  2 982 487 665 765  20  41 11 
 63  2 718 825  2 982 487 665 765  41  -1 11 
 64  1 874 982  1 982 610 874 867  46  -1 12 
 65  1 550 636  2 982 380 550 596  32  29  9 
 65  2 783 982  2 982 380 550 596  29  -1  9 
 67  1 662 704  2 982 480 662 712  41  20 11 
 67  2 848 871  2 982 480 662 712  20  41 11 
 67  3 872 909  2 982 480 662 712  41  37 11 
 67  4 910 945  2 982 480 662 712  37  40 11 
 67  5 946 962  2 982 480 662 712  40  -1 11 
 68  1 797 863  2 982 617 797 832  26  -1  9 
 69  1 640 692  2 982 370 640 713  26  -1  9 
 70  1 822 972  1 982 606 822 915  34  20  9 
 70  2 973 982  1 982 606 822 915  20  -1  9 
 71  1 777 961  2 982 608 777 825  31  -1  9 
 72  1 835 853  2 982 623 835 861  32  32 11 
 72  2 854 883  2 982 623 835 861  32  -1 11 
 73  1 542 867  1 982 353 542 582  31  46 11 
 73  2 893 936  1 982 353 542 582  46  46 11 
 73  3 937 944  1 982 353 542 582  46  65 11 
 73  4 945 982  1 982 353 542 582  65  -1 11 
 74  1 727 741  1 982 497 727 764  41  41 11 
 74  2 759 982  1 982 497 727 764  41  -1 11 
 75  1 548 859  1 982 378 548   0  40  32  9 
 75  2 860 982  1 982 378 548   0  32  -1  9 
 76  1 838 843  1 982 618 838 893  30  30 11 
 76  2 869 912  1 982 618 838 893  30  30 11 
 76  3 916 982  1 982 618 838 893  30  -1 11 
 77  1 608 663  1 982 361 608 665  41  41 12 
 77  2 664 771  1 982 361 608 665  41  41 12 
 77  3 772 879  1 982 361 608 665  41  41 12 
 77  4 880 982  1 982 361 608 665  41  -1 12 
 78  1 802 813  1 982 597 802 941  30  31 11 
 78  2 814 825  1 982 597 802 941  31  30 11 
 78  3 826 876  1 982 597 802 941  30  42 11 
 78  4 877 915  1 982 597 802 941  42  42 11 
 78  5 916 959  1 982 597 802 941  42  48 11 
 78  6 971 982  1 982 597 802 941  48  -1 11 
 79  1 897 910  1 982 622 897 939  52  52 17 
 79  2 973 982  1 982 622 897 939  52  -1 17 
 80  1 808 888  2 982 601 808 887  40  -1 11 
 81  1 543 554  1 982 366 543 862  20  47 11 
 81  2 555 583  1 982 366 543 862  47  47 11 
 81  3 604 606  1 982 366 543 862  47  40 11 
 81  4 607 623  1 982 366 543 862  40  29 11 
 81  5 626 642  1 982 366 543 862  29  47 11 
 81  6 643 711  1 982 366 543 862  47  37 11 
 81  7 712 807  1 982 366 543 862  37  50 11 
 81  8 811 982  1 982 366 543 862  50  -1 11 
 82  1 896 914  2 982 618 896   0  57  57 19 
 82  2 915 982  2 982 618 896   0  57  -1 19 
 83  1 616 775  2 982 378 616 776  32  41 12 
 83  2 776 982  2 982 378 616 776  41  -1 12 
 84  1 634 639  1 982 356 634 944  42  30 17 
 84  2 640 662  1 982 356 634 944  30  46 17 
 84  3 663 681  1 982 356 634 944  46  66 17 
 84  4 711 982  1 982 356 634 944  66  -1 17 
 85  1 820 939  2 982 618 820 939  29  -1 11 
 86  1 821 928  2 982 603 821 929  34  -1 11 
 87  1 786 846  1 982 593 786 980  20  34  9 
 87  2 847 906  1 982 593 786 980  34  18  9 
 87  3 915 918  1 982 593 786 980  18  34  9 
 87  4 919 982  1 982 593 786 980  34  -1  9 
 88  1 595 982  1 982 366 595 725  41  -1 12 
 89  1 605 654  2 982 382 605 655  22  -1 10 
 90  1 545 837  2 982 370 545 617  48  42  9 
 90  2 838 982  2 982 370 545 617  42  -1  9 
 92  1 563 590  1 982 373 563 689  25  32 12 
 92  2 591 618  1 982 373 563 689  32  40 12 
 92  3 671 982  1 982 373 563 689  40  -1 12 
 93  1 628 689  2 982 372 628 658  44  44 13 
 93  2 781 903  2 982 372 628 658  44  -1 13 
 94  1 851 982  1 982 599 851 862  55  -1 13 
 95  1 844 855  1 982 589 844 875  53  51 12 
 95  2 856 936  1 982 589 844 875  51  51 12 
 95  3 937 974  1 982 589 844 875  51  51 12 
 95  4 975 982  1 982 589 844 875  51  -1 12 
 96  1 688 747  2 982 470 688 896  48  30 10 
 96  2 772 781  2 982 470 688 896  30  48 10 
 96  3 827 982  2 982 470 688 896  48  -1 10 
 97  1 676 775  2 982 497 676 741  22  22  9 
 97  2 845 892  2 982 497 676 741  22  22  9 
 97  3 896 982  2 982 497 676 741  22  -1  9 
 98  1 688 768  2 982 469 688 753  41  41 11 
 98  2 834 853  2 982 469 688 753  41  41 11 
 98  3 865 883  2 982 469 688 753  41  -1 11 
 99  1 705 717  1 982 485 705 800  42  30 11 
 99  2 718 734  1 982 485 705 800  30  42 11 
 99  3 735 775  1 982 485 705 800  42  42 11 
 99  4 776 843  1 982 485 705 800  42  42 11 
 99  5 844 855  1 982 485 705 800  42  42 11 
 99  6 856 982  1 982 485 705 800  42  -1 11 
100  1 556 578  1 982 351 556 604  24  31 11 
100  2 579 582  1 982 351 556 604  31  32 11 
100  3 583 586  1 982 351 556 604  32  31 11 
100  4 588 594  1 982 351 556 604  31  18 11 
100  5 595 601  1 982 351 556 604  18  31 11 
100  6 602 687  1 982 351 556 604  31  48 11 
100  7 688 982  1 982 351 556 604  48  -1 11 
101  1 628 687  1 982 382 628 708  40  37 11 
101  2 694 803  1 982 382 628 708  37  37 11 
101  3 804 924  1 982 382 628 708  37  37 11 
101  4 925 982  1 982 382 628 708  37  -1 11 
102  1 687 864  2 982 491 687 750  40  30  9 
102  2 956 982  2 982 491 687 750  30  -1  9 
103  1 554 588  1 982 365 554 677  20  28  9 
103  2 590 601  1 982 365 554 677  28  20  9 
103  3 602 699  1 982 365 554 677  20  27  9 
103  4 700 982  1 982 365 554 677  27  -1  9 
104  1 574 590  1 982 360 574 702  44  39 11 
104  2 607 630  1 982 360 574 702  39  44 11 
104  3 631 662  1 982 360 574 702  44  44 11 
104  4 674 693  1 982 360 574 702  44  44 11 
104  5 694 706  1 982 360 574 702  44  44 11 
104  6 707 723  1 982 360 574 702  44  44 11 
104  7 724 982  1 982 360 574 702  44  -1 11 
105  1 567 644  1 982 372 567 644  18  46 11 
105  2 658 872  1 982 372 567 644  46  39 11 
105  3 873 982  1 982 372 567 644  39  -1 11 
106  1 832 836  2 982 614 832 840  32  32  9 
106  2 837 843  2 982 614 832 840  32  -1  9 
107  1 934 940  1 982 611 934 947  41  -1 13 
108  1 735 832  1 982 482 735 921  44  41 12 
108  2 833 858  1 982 482 735 921  41  41 12 
108  3 859 871  1 982 482 735 921  41  34 12 
108  4 872 891  1 982 482 735 921  34  34 12 
108  5 892 922  1 982 482 735 921  34  50 12 
108  6 923 944  1 982 482 735 921  50  41 12 
108  7 945 982  1 982 482 735 921  41  -1 12 
109  1 575 588  1 982 355 575 624  31  34 10 
109  2 589 626  1 982 355 575 624  34  34 10 
109  3 627 958  1 982 355 575 624  34  -1 10 
110  1 664 667  1 982 504 664 835  30  20 11 
110  2 668 671  1 982 504 664 835  20  31 11 
110  3 672 673  1 982 504 664 835  31  40 11 
110  4 673 681  1 982 504 664 835  40  30 11 
110  5 725 745  1 982 504 664 835  30  30 11 
110  6 761 822  1 982 504 664 835  30  46 11 
110  7 823 876  1 982 504 664 835  46  46 11 
110  8 877 948  1 982 504 664 835  46  46 11 
110  9 949 982  1 982 504 664 835  46  -1 11 
111  1 705 833  2 982 479 705 742  41  -1 10 
112  1 538 558  2 982 367 538 755  20  22  9 
112  2 571 630  2 982 367 538 755  22  20  9 
112  3 631 690  2 982 367 538 755  20  22  9 
112  4 691 726  2 982 367 538 755  22  20  9 
112  5 727 750  2 982 367 538 755  20  22  9 
112  6 751 774  2 982 367 538 755  22  -1  9 
113  1 787 882  1 982 611 787 894  32  31  9 
113  2 877 982  1 982 611 787 894  31  -1  9 
114  1 823 918  1 982 600 823 881  42  41 11 
114  2 924 982  1 982 600 823 881  41  -1 11 
115  1 913 982  2 982 624 913   0  57  -1 13 
116  1 579 762  1 982 384 579 737  40  40 11 
116  2 763 982  1 982 384 579 737  40  -1 11 
117  1 820 837  1 982 603 820 891  21  39 11 
117  2 838 982  1 982 603 820 891  39  -1 11 
118  1 844 855  1 982 616 844 891  34  34 11 
118  2 874 932  1 982 616 844 891  34  31 11 
118  3 933 982  1 982 616 844 891  31  -1 11 
119  1 520 556  1 982 349 520 861  20  20  9 
119  2 557 653  1 982 349 520 861  20  34  9 
119  3 654 982  1 982 349 520 861  34  -1  9 
120  1 604 741  1 982 380 604 680  32  57 19 
120  2 783 836  1 982 380 604 680  57  57 19 
120  3 837 982  1 982 380 604 680  57  -1 19 
121  1 561 835  1 982 383 561 641  32  20  9 
121  2 836 909  1 982 383 561 641  20  32  9 
121  3 910 982  1 982 383 561 641  32  -1  9 
122  1 837 860  1 982 623 837 891  42  42 11 
122  2 877 982  1 982 623 837 891  42  -1 11 
123  1 826 857  1 982 613 826 888  44  44 11 
123  2 877 886  1 982 613 826 888  44  42 11 
123  3 887 934  1 982 613 826 888  42  42 11 
123  4 935 982  1 982 613 826 888  42  -1 11 
124  1 544 567  1 982 372 544 714  20  34 11 
124  2 604 812  1 982 372 544 714  34  34 11 
124  3 813 982  1 982 372 544 714  34  -1 11 
125  1 518 654  1 982 357 518 665  40  40  9 
125  2 655 746  1 982 357 518 665  40  31  9 
125  3 747 916  1 982 357 518 665  31  56  9 
125  4 917 982  1 982 357 518 665  56  -1  9 
126  1 850 960  2 982 622 850 887  34  -1 11 
127  1 839 849  1 982 613 839 884  42  42 11 
127  2 869 872  1 982 613 839 884  42  42 11 
127  3 873 879  1 982 613 839 884  42  42 11 
127  4 880 904  1 982 613 839 884  42  42 11 
127  5 905 982  1 982 613 839 884  42  -1 11 
128  1 721 752  2 982 493 721 735  49  -1 11 
129  1 592 609  2 982 366 592 911  31  31 11 
129  2 909 982  2 982 366 592 911  31  -1 11 
130  1 586 982  1 982 383 586 777  42  -1 11 
131  1 720 743  2 982 474 720 744  31  30 11 
131  2 939 982  2 982 474 720 744  30  -1 11 
132  1 569 982  1 982 377 569   0  32  -1  9 
133  1 556 642  2 982 366 556 622  48  30  9 
133  2 654 691  2 982 366 556 622  30  28  9 
133  3 700 735  2 982 366 556 622  28  30  9 
133  4 736 747  2 982 366 556 622  30  -1  9 
134  1 592 616  2 982 376 592 613  41  -1  9 
135  1 826 833  1 982 601 826   0  44  44 11 
135  2 834 840  1 982 601 826   0  44  38 11 
135  3 841 864  1 982 601 826   0  38  44 11 
135  4 865 891  1 982 601 826   0  44  44 11 
135  5 892 910  1 982 601 826   0  44  32 11 
135  6 915 969  1 982 601 826   0  32  40 11 
135  7 970 982  1 982 601 826   0  40  -1 11 
136  1 712 736  2 982 471 712 745  34  44 12 
136  2 737 771  2 982 471 712 745  44  -1 12 
137  1 634 699  1 982 360 634 952  35  44 12 
137  2 700 771  1 982 360 634 952  44  44 12 
137  3 784 982  1 982 360 634 952  44  -1 12 
138  1 627 669  2 982 377 627 627  55  -1 12 
139  1 798 924  2 982 602 798 867  22  22 11 
139  2 931 942  2 982 602 798 867  22  40 11 
139  3 960 982  2 982 602 798 867  40  -1 11 
140  1 832 855  1 982 622 832 877  32  39 11 
140  2 856 886  1 982 622 832 877  39  42 11 
140  3 887 940  1 982 622 832 877  42  31 11 
140  4 939 952  1 982 622 832 877  31  44 11 
140  5 953 982  1 982 622 832 877  44  -1 11 
141  1 712 737  2 982 500 712 728  49  55 11 
141  2 751 805  2 982 500 712 728  55  -1 11 
142  1 718 744  1 982 492 718 798  38  55 12 
142  2 757 801  1 982 492 718 798  55  55 12 
142  3 802 881  1 982 492 718 798  55  55 12 
142  4 882 982  1 982 492 718 798  55  -1 12 
143  1 712 729  2 982 501 712   0  34  53 11 
143  2 730 982  2 982 501 712   0  53  -1 11 
144  1 814 833  1 982 593 814 881  30  30 11 
144  2 837 982  1 982 593 814 881  30  -1 11 
145  1 808 879  1 982 597 808 867  55  68 19 
145  2 980 982  1 982 597 808 867  68  -1 19 
146  1 808 819  1 982 604 808 902  44  44 11 
146  2 841 870  1 982 604 808 902  44  55 11 
146  3 883 926  1 982 604 808 902  55  55 11 
146  4 927 982  1 982 604 808 902  55  -1 11 
147  1 580 639  2 982 379 580 736  28  49 11 
147  2 640 702  2 982 379 580 736  49  21 11 
147  3 703 736  2 982 379 580 736  21  -1 11 
149  1 688 850  1 982 490 688 763  40  40 11 
149  2 851 920  1 982 490 688 763  40  55 11 
149  3 921 943  1 982 490 688 763  55  60 11 
149  4 944 982  1 982 490 688 763  60  -1 11 
150  1 809 843  1 982 601 809 842  42  42 11 
150  2 859 878  1 982 601 809 842  42  31 11 
150  3 879 936  1 982 601 809 842  31  30 11 
150  4 936 982  1 982 601 809 842  30  -1 11 
151  1 821 982  1 982 614 821   0  42  -1 11 
152  1 533 726  1 982 366 533 689  40  40  9 
152  2 727 982  1 982 366 533 689  40  -1  9 
153  1 849 854  2 982 602 849 870  41  41 13 
153  2 855 937  2 982 602 849 870  41  -1 13 
155  1 813 865  1 982 596 813 855  38  46 11 
155  2 878 982  1 982 596 813 855  46  -1 11 
156  1 580 633  2 982 376 580 671  32  32 11 
156  2 634 671  2 982 376 580 671  32  -1 11 
157  1 837 887  1 982 598 837 874  34  34 12 
157  2 925 982  1 982 598 837 874  34  -1 12 
158  1 613 640  2 982 381 613 640  22  -1  9 
159  1 580 697  2 982 376 580 697  22  -1 11 
160  1 717 728  2 982 499 717 746  49  49 11 
160  2 729 759  2 982 499 717 746  49  49 11 
160  3 790 819  2 982 499 717 746  49  49 11 
160  4 853 907  2 982 499 717 746  49  49 11 
160  5 908 982  2 982 499 717 746  49  -1 11 
161  1 625 633  2 982 349 625 615  22  34 19 
161  2 732 736  2 982 349 625 615  34  -1 19 
162  1 700 711  2 982 497 700 737  22  22 11 
162  2 712 725  2 982 497 700 737  22  22 11 
162  3 726 738  2 982 497 700 737  22  -1 11 
163  1 640 667  2 982 362 640 680  57  57  9 
163  2 668 691  2 982 362 640 680  57  57  9 
163  3 692 982  2 982 362 640 680  57  -1  9 
164  1 557 678  1 982 380 557 746  40  40  9 
164  2 679 982  1 982 380 557 746  40  -1  9 
165  1 680 704  2 982 482 680 706  32  30  9 
165  2 786 982  2 982 482 680 706  30  -1  9 
166  1 809 822  2 982 603 809 856  32  20 11 
166  2 823 858  2 982 603 809 856  20  -1 11 
167  1 532 541  2 982 361 532 585  22  20  9 
167  2 542 552  2 982 361 532 585  20  20  9 
167  3 553 584  2 982 361 532 585  20  -1  9 
168  1 820 916  2 983 611 820 872  41  45 11 
168  2 958 982  2 983 611 820 872  45  -1 11 
169  1 820 942  2 982 621 820 883  34  34  9 
169  2 943 960  2 982 621 820 883  34  34  9 
169  3 961 982  2 982 621 820 883  34  -1  9 
170  1 552 555  2 982 369 552 642  22  26  9 
170  2 579 597  2 982 369 552 642  26  26  9 
170  3 598 628  2 982 369 552 642  26  26  9 
170  4 629 654  2 982 369 552 642  26  32  9 
170  5 655 982  2 982 369 552 642  32  -1  9 
171  1 652 676  1 982 482 652 798  32  32  9 
171  2 677 698  1 982 482 652 798  32  31  9 
171  3 699 771  1 982 482 652 798  31  31  9 
171  4 772 810  1 982 482 652 798  31  31  9 
171  5 811 830  1 982 482 652 798  31  31  9 
171  6 831 840  1 982 482 652 798  31  31  9 
171  7 841 982  1 982 482 652 798  31  -1  9 
172  1 820 846  1 982 612 820 891  41  41 11 
172  2 865 939  1 982 612 820 891  41  41 11 
172  3 940 946  1 982 612 820 891  41  41 11 
172  4 947 982  1 982 612 820 891  41  -1 11 
173  1 654 663  1 982 471 654 823  22  42 11 
173  2 707 720  1 982 471 654 823  42  42 11 
173  3 736 868  1 982 471 654 823  42  34 11 
173  4 900 924  1 982 471 654 823  34  34 11 
173  5 925 948  1 982 471 654 823  34  34 11 
173  6 949 982  1 982 471 654 823  34  -1 11 
174  1 533 544  2 982 364 533 684  22  18  9 
174  2 558 571  2 982 364 533 684  18  34  9 
174  3 593 618  2 982 364 533 684  34  34  9 
174  4 619 689  2 982 364 533 684  34  -1  9 
175  1 822 861  1 983 617 822 903  41  46 11 
175  2 862 980  1 983 617 822 903  46  48 11 
175  3 981 983  1 983 617 822 903  48  -1 11 
176  1 551 564  2 982 384 551 623  32  32  9 
176  2 565 573  2 982 384 551 623  32  32  9 
176  3 574 600  2 982 384 551 623  32  32  9 
176  4 601 626  2 982 384 551 623  32  -1  9 
177  1 700 704  2 983 484 700 746  55  55 11 
177  2 705 723  2 983 484 700 746  55  22 11 
177  3 724 735  2 983 484 700 746  22  55 11 
177  4 736 772  2 983 484 700 746  55  -1 11 
178  1 605 633  1 983 376 605 897  29  78 19 
178  2 730 745  1 983 376 605 897  78  78 19 
178  3 746 812  1 983 376 605 897  78  69 19 
178  4 813 835  1 983 376 605 897  69  78 19 
178  5 836 861  1 983 376 605 897  78  78 19 
178  6 862 983  1 983 376 605 897  78  -1 19 
179  1 716 804  2 982 377 716 775  57  57 19 
179  2 805 872  2 982 377 716 775  57  57 19 
179  3 873 968  2 982 377 716 775  57  57 19 
179  4 969 982  2 982 377 716 775  57  -1 19 
180  1 656 675  1 982 488 656 795  40  34 11 
180  2 712 738  1 982 488 656 795  34  34 11 
180  3 757 982  1 982 488 656 795  34  -1 11 
181  1 548 567  1 982 372 548 741  40  37 11 
181  2 604 953  1 982 372 548 741  37  38 11 
181  3 954 982  1 982 372 548 741  38  -1 11 
182  1 681 712  1 982 479 681 851  46  36 11 
182  2 713 787  1 982 479 681 851  36  32 11 
182  3 788 982  1 982 479 681 851  32  -1 11 
183  1 856 872  2 982 617 856 881  37  37 12 
183  2 873 900  2 982 617 856 881  37  54 12 
183  3 929 957  2 982 617 856 881  54  54 12 
183  4 958 982  2 982 617 856 881  54  -1 12 
184  1 813 863  2 982 595 813 846  34  -1 12 
185  1 764 816  2 982 592 764 850  40  40  9 
185  2 817 819  2 982 592 764 850  40  40  9 
185  3 820 837  2 982 592 764 850  40  31  9 
185  4 838 849  2 982 592 764 850  31  32  9 
185  5 859 982  2 982 592 764 850  32  -1  9 
186  1 679 738  2 982 492 679 738  41  34  9 
186  2 787 813  2 982 492 679 738  34  34  9 
186  3 817 855  2 982 492 679 738  34  41  9 
186  4 856 879  2 982 492 679 738  41  41  9 
186  5 880 903  2 982 492 679 738  41  41  9 
186  6 904 939  2 982 492 679 738  41  44  9 
186  7 940 982  2 982 492 679 738  44  -1  9 
187  1 844 876  1 982 623 844 861  44  38 11 
187  2 877 982  1 982 623 844 861  38  -1 11 
188  1 705 816  2 982 500 705 792  26  26 11 
188  2 834 843  2 982 500 705 792  26  32 11 
188  3 964 982  2 982 500 705 792  32  -1 11 
189  1 736 982  1 982 482 736 843  38  -1 11 
190  1 724 737  2 982 495 724 737  34  32 11 
190  2 849 982  2 982 495 724 737  32  -1 11 
191  1 693 717  2 982 473 693 740  34  34 10 
191  2 721 768  2 982 473 693 740  34  44 10 
191  3 958 982  2 982 473 693 740  44  -1 10 
192  1 579 982  1 982 378 579 616  21  -1 11 
193  1 709 732  2 982 494 709 955  40  32 11 
193  2 733 756  2 982 494 709 955  32  40 11 
193  3 759 899  2 982 494 709 955  40  26 11 
193  4 915 968  2 982 494 709 955  26  21 11 
193  5 969 971  2 982 494 709 955  21  20 11 
193  6 976 982  2 982 494 709 955  20  -1 11 
194  1 844 852  1 982 612 844 911  40  40 11 
194  2 853 861  1 982 612 844 911  40  41 11 
194  3 862 891  1 982 612 844 911  41  41 11 
194  4 897 903  1 982 612 844 911  41  34 11 
194  5 911 925  1 982 612 844 911  34  41 11 
194  6 939 942  1 982 612 844 911  41  34 11 
194  7 956 972  1 982 612 844 911  34  21 11 
194  8 973 982  1 982 612 844 911  21  -1 11 
195  1 725 783  2 982 495 725 824  40  40 11 
195  2 784 830  2 982 495 725 824  40  -1 11 
196  1 603 750  1 982 373 603 651  40  40 11 
196  2 751 982  1 982 373 603 651  40  -1 11 
197  1 640 654  2 983 376 640 802  48  41 13 
197  2 655 666  2 983 376 640 802  41  48 13 
197  3 667 801  2 983 376 640 802  48  -1 13 
198  1 582 606  1 983 374 582 684  35  42 11 
198  2 607 983  1 983 374 582 684  42  -1 11 
199  1 718 774  1 983 493 718 822  43  31 11 
199  2 775 944  1 983 493 718 822  31  30 11 
199  3 945 983  1 983 493 718 822  30  -1 11 
200  1 825 843  1 983 611 825   0  38  38 11 
200  2 865 888  1 983 611 825   0  38  46 11 
200  3 949 983  1 983 611 825   0  46  -1 11 
202  1 819 844  2 983 595 819 937  29  32 11 
202  2 845 846  2 983 595 819 937  32  29 11 
202  3 847 882  2 983 595 819 937  29  29 11 
202  4 883 983  2 983 595 819 937  29  -1 11 
203  1 935 937  2 983 618 935   0  57  22 19 
203  2 938 943  2 983 618 935   0  22  57 19 
203  3 944 983  2 983 618 935   0  57  -1 19 
204  1 954 983  1 983 620 954 969  70  -1 19 
205  1 837 864  2 983 598 837   0  61  61 12 
205  2 865 983  2 983 598 837   0  61  -1 12 
206  1 542 576  1 982 372 542 643  33  32 11 
206  2 577 610  1 982 372 542 643  32  30 11 
206  3 686 804  1 982 372 542 643  30  33 11 
206  4 805 870  1 982 372 542 643  33  30 11 
206  5 871 982  1 982 372 542 643  30  -1 11 
207  1 880 982  1 982 609 880 893  40  -1 12 
208  1 715 736  2 982 485 715 743  32  32 11 
208  2 743 755  2 982 485 715 743  32  -1 11 
